4284560
4559110
4517460
4211800
4371680
4424950
4532590
4575860
4617670
4625760
4800590
4851630
4911900
2377930
2939490
3044160
3046740
3126340
3284290
3554150
3711170
3850630
3942580
4018020
4090360
4175330
4293310
4380490
4517120
4535450
4564820
31300
36130
36150
38920
109700
203060
206170
213390
244750
257690
261900
270230
273590
280360
291050
294330
294340
303360
304480
305960
306260
307150
310870
311330
312360
312440
313800
318860
321980
322630
328830
329550
331210
333680
333700
334090
335310
345300
345310
348750
349050
349280
359160
360340
361790
363900
364000
364180
364380
367110
367380
371350
372350